2.00 0.00
2.00 0.03
2.00 0.07
2.00 0.10
2.00 0.14
1.99 0.17
1.99 0.21
1.99 0.24
1.98 0.28
1.98 0.31
1.97 0.35
1.96 0.38
1.96 0.42
1.95 0.45
1.94 0.48
1.93 0.52
1.92 0.55
1.91 0.58
1.90 0.62
1.89 0.65
1.88 0.68
1.87 0.72
1.85 0.75
1.84 0.78
1.83 0.81
1.81 0.85
1.80 0.88
1.78 0.91
1.77 0.94
1.75 0.97
1.73 1.00
1.71 1.03
1.70 1.06
1.68 1.09
1.66 1.12
1.64 1.15
1.62 1.18
1.60 1.20
1.58 1.23
1.55 1.26
1.53 1.29
1.51 1.31
1.49 1.34
1.46 1.36
1.44 1.39
1.41 1.41
1.39 1.44
1.36 1.46
1.34 1.49
1.31 1.51
1.29 1.53
1.26 1.55
1.23 1.58
1.20 1.60
1.18 1.62
1.15 1.64
1.12 1.66
1.09 1.68
1.06 1.70
1.03 1.71
1.00 1.73
0.97 1.75
0.94 1.77
0.91 1.78
0.88 1.80
0.85 1.81
0.81 1.83
0.78 1.84
0.75 1.85
0.72 1.87
0.68 1.88
0.65 1.89
0.62 1.90
0.58 1.91
0.55 1.92
0.52 1.93
0.48 1.94
0.45 1.95
0.42 1.96
0.38 1.96
0.35 1.97
0.31 1.98
0.28 1.98
0.24 1.99
0.21 1.99
0.17 1.99
0.14 2.00
0.10 2.00
0.07 2.00
0.03 2.00
-0.00 2.00
-0.03 2.00
-0.07 2.00
-0.10 2.00
-0.14 2.00
-0.17 1.99
-0.21 1.99
-0.24 1.99
-0.28 1.98
-0.31 1.98
-0.35 1.97
-0.38 1.96
-0.42 1.96
-0.45 1.95
-0.48 1.94
-0.52 1.93
-0.55 1.92
-0.58 1.91
-0.62 1.90
-0.65 1.89
-0.68 1.88
-0.72 1.87
-0.75 1.85
-0.78 1.84
-0.81 1.83
-0.85 1.81
-0.88 1.80
-0.91 1.78
-0.94 1.77
-0.97 1.75
-1.00 1.73
-1.03 1.71
-1.06 1.70
-1.09 1.68
-1.12 1.66
-1.15 1.64
-1.18 1.62
-1.20 1.60
-1.23 1.58
-1.26 1.55
-1.29 1.53
-1.31 1.51
-1.34 1.49
-1.36 1.46
-1.39 1.44
-1.41 1.41
-1.44 1.39
-1.46 1.36
-1.49 1.34
-1.51 1.31
-1.53 1.29
-1.55 1.26
-1.58 1.23
-1.60 1.20
-1.62 1.18
-1.64 1.15
-1.66 1.12
-1.68 1.09
-1.70 1.06
-1.71 1.03
-1.73 1.00
-1.75 0.97
-1.77 0.94
-1.78 0.91
-1.80 0.88
-1.81 0.85
-1.83 0.81
-1.84 0.78
-1.85 0.75
-1.87 0.72
-1.88 0.68
-1.89 0.65
-1.90 0.62
-1.91 0.58
-1.92 0.55
-1.93 0.52
-1.94 0.48
-1.95 0.45
-1.96 0.42
-1.96 0.38
-1.97 0.35
-1.98 0.31
-1.98 0.28
-1.99 0.24
-1.99 0.21
-1.99 0.17
-2.00 0.14
-2.00 0.10
-2.00 0.07
-2.00 0.03
-2.00 -0.00
-2.00 -0.03
-2.00 -0.07
-2.00 -0.10
-2.00 -0.14
-1.99 -0.17
-1.99 -0.21
-1.99 -0.24
-1.98 -0.28
-1.98 -0.31
-1.97 -0.35
-1.96 -0.38
-1.96 -0.42
-1.95 -0.45
-1.94 -0.48
-1.93 -0.52
-1.92 -0.55
-1.91 -0.58
-1.90 -0.62
-1.89 -0.65
-1.88 -0.68
-1.87 -0.72
-1.85 -0.75
-1.84 -0.78
-1.83 -0.81
-1.81 -0.85
-1.80 -0.88
-1.78 -0.91
-1.77 -0.94
-1.75 -0.97
-1.73 -1.00
-1.71 -1.03
-1.70 -1.06
-1.68 -1.09
-1.66 -1.12
-1.64 -1.15
-1.62 -1.18
-1.60 -1.20
-1.58 -1.23
-1.55 -1.26
-1.53 -1.29
-1.51 -1.31
-1.49 -1.34
-1.46 -1.36
-1.44 -1.39
-1.41 -1.41
-1.39 -1.44
-1.36 -1.46
-1.34 -1.49
-1.31 -1.51
-1.29 -1.53
-1.26 -1.55
-1.23 -1.58
-1.20 -1.60
-1.18 -1.62
-1.15 -1.64
-1.12 -1.66
-1.09 -1.68
-1.06 -1.70
-1.03 -1.71
-1.00 -1.73
-0.97 -1.75
-0.94 -1.77
-0.91 -1.78
-0.88 -1.80
-0.85 -1.81
-0.81 -1.83
-0.78 -1.84
-0.75 -1.85
-0.72 -1.87
-0.68 -1.88
-0.65 -1.89
-0.62 -1.90
-0.58 -1.91
-0.55 -1.92
-0.52 -1.93
-0.48 -1.94
-0.45 -1.95
-0.42 -1.96
-0.38 -1.96
-0.35 -1.97
-0.31 -1.98
-0.28 -1.98
-0.24 -1.99
-0.21 -1.99
-0.17 -1.99
-0.14 -2.00
-0.10 -2.00
-0.07 -2.00
-0.03 -2.00
0.00 -2.00
0.03 -2.00
0.07 -2.00
0.10 -2.00
0.14 -2.00
0.17 -1.99
0.21 -1.99
0.24 -1.99
0.28 -1.98
0.31 -1.98
0.35 -1.97
0.38 -1.96
0.42 -1.96
0.45 -1.95
0.48 -1.94
0.52 -1.93
0.55 -1.92
0.58 -1.91
0.62 -1.90
0.65 -1.89
0.68 -1.88
0.72 -1.87
0.75 -1.85
0.78 -1.84
0.81 -1.83
0.85 -1.81
0.88 -1.80
0.91 -1.78
0.94 -1.77
0.97 -1.75
1.00 -1.73
1.03 -1.71
1.06 -1.70
1.09 -1.68
1.12 -1.66
1.15 -1.64
1.18 -1.62
1.20 -1.60
1.23 -1.58
1.26 -1.55
1.29 -1.53
1.31 -1.51
1.34 -1.49
1.36 -1.46
1.39 -1.44
1.41 -1.41
1.44 -1.39
1.46 -1.36
1.49 -1.34
1.51 -1.31
1.53 -1.29
1.55 -1.26
1.58 -1.23
1.60 -1.20
1.62 -1.18
1.64 -1.15
1.66 -1.12
1.68 -1.09
1.70 -1.06
1.71 -1.03
1.73 -1.00
1.75 -0.97
1.77 -0.94
1.78 -0.91
1.80 -0.88
1.81 -0.85
1.83 -0.81
1.84 -0.78
1.85 -0.75
1.87 -0.72
1.88 -0.68
1.89 -0.65
1.90 -0.62
1.91 -0.58
1.92 -0.55
1.93 -0.52
1.94 -0.48
1.95 -0.45
1.96 -0.42
1.96 -0.38
1.97 -0.35
1.98 -0.31
1.98 -0.28
1.99 -0.24
1.99 -0.21
1.99 -0.17
2.00 -0.14
2.00 -0.10
2.00 -0.07
2.00 -0.03
2.00 0.00
